255 255 255 255 255 255 255 255 255 255 255 255 255 255 255 255
255 255 255 255 255 255 255 255 255 255 255 255 255 255 255 255
255 255 128 128 128 128 128 128 128 128 128 128 128 128 255 255
255 255 128 128 128 128 128 128 128 128 128 128 128 128 255 255
255 255 128 128 128 128 128 128 128 128 128 128 128 128 255 255
255 255 128 128 128   0   0   0   0   0   0 128 128 128 255 255
255 255 128 128 128  35 232   0  63 243  35 128 128 128 255 255
255 255 128 128 128  35 255 255 255 255  35 128 128 128 255 255
255 255 128 128 128  35  26  20 105   2  35 128 128 128 255 255
255 255 128 128 128 236 236 236 236 236 236 128 128 128 255 255
255 255 128 128 128 255 255  77  77 255 255 128 128 128 255 255
255 255 128 128 128 128 128 128 128 128 128 128 128 128 255 255
255 255 128 128 128 128 128 128 128 128 128 128 128 128 255 255
255 255 128 128 128 128 128 128 128 128 128 128 128 128 255 255
255 255 255 255 255 255 255 255 255 255 255 255 255 255 255 255
255 255 255 255 255 255 255 255 255 255 255 255 255 255 255 255
255 255 255 255 255 255 255 255 255 255 255 255 255 255 255 255
255 255 255 255 255 255 255 255 255 255 255 255 255 255 255 255
255 255 128 128 128 128 128 128 128 128 128 128 128 128 255 255
255 255 128 128 128 128 128 128 128 128 128 128 128 128 255 255
255 255 128 128 128 128 128 128 128 128 128 128 128 128 255 255
255 255 128 128 128   0   0   0   0   0   0 128 128 128 255 255
255 255 128 128 128  35 232   0  63 243  35 128 128 128 255 255
255 255 128 128 128  35 255 255 255 255  35 128 128 128 255 255
255 255 128 128 128  35  26  20 105   2  35 128 128 128 255 255
255 255 128 128 128 239 239 239 239 239 239 128 128 128 255 255
255 255 128 128 128 255 255  77  77 255 255 128 128 128 255 255
255 255 128 128 128 128 128 128 128 128 128 128 128 128 255 255
255 255 128 128 128 128 128 128 128 128 128 128 128 128 255 255
255 255 128 128 128 128 128 128 128 128 128 128 128 128 255 255
255 255 255 255 255 255 255 255 255 255 255 255 255 255 255 255
255 255 255 255 255 255 255 255 255 255 255 255 255 255 255 255
255 255 255 255 255 255 255 255 255 255 255 255 255 255 255 255
255 255 255 255 255 255 255 255 255 255 255 255 255 255 255 255
255 255 128 128 128 128 128 128 128 128 128 128 128 128 255 255
255 255 128 128 128 128 128 128 128 128 128 128 128 128 255 255
255 255 128 128 128 128 128 128 128 128 128 128 128 128 255 255
255 255 128 128 128   0   0   0   0   0   0 128 128 128 255 255
255 255 128 128 128  35 232   0  63 243  35 128 128 128 255 255
255 255 128 128 128  35 255 255 255 255  35 128 128 128 255 255
255 255 128 128 128  35  26  20 105   2  35 128 128 128 255 255
255 255 128 128 128 189 189 189 189 189 189 128 128 128 255 255
255 255 128 128 128 255 255  70  70 255 255 128 128 128 255 255
255 255 128 128 128 128 128 128 128 128 128 128 128 128 255 255
255 255 128 128 128 128 128 128 128 128 128 128 128 128 255 255
255 255 128 128 128 128 128 128 128 128 128 128 128 128 255 255
255 255 255 255 255 255 255 255 255 255 255 255 255 255 255 255
255 255 255 255 255 255 255 255 255 255 255 255 255 255 255 255

255 255 255 255 255 255 255 255 255 255 255 255 255 255 255 255
255 234 204 204 204 204 204 204 204 204 204 204 204 204 234 255
255 204 128 128 128 128 128 128 128 128 128 128 128 128 204 255
255 204 128 128 128 128 128 128 128 128 128 128 128 128 204 255
255 204 128 128 124 105 105 105 105 109 153 133 128 128 204 255
255 204 128 128 105 154 175 175 175 125 255 153 128 128 204 255
255 204 128 128 105 174 161 157 147 123 245 117 128 128 204 255
255 204 128 128 105 174 119 176 167 133 177 105 128 128 204 255
255 204 128 128 105 174 169 178 173 135 177 105 128 128 204 255
255 204 128 128 105 174 140 158 161 123 245 117 128 128 204 255
255 204 128 128 105 154 175 175 175 125 255 153 128 128 204 255
255 204 128 128 124 105 105 105 105 109 153 133 128 128 204 255
255 204 128 128 128 128 128 128 128 128 128 128 128 128 204 255
255 204 128 128 128 128 128 128 128 128 128 128 128 128 204 255
255 234 204 204 204 204 204 204 204 204 204 204 204 204 234 255
255 255 255 255 255 255 255 255 255 255 255 255 255 255 255 255
255 255 255 255 255 255 255 255 255 255 255 255 255 255 255 255
255 234 204 204 204 204 204 204 204 204 204 204 204 204 234 255
255 204 128 128 128 128 128 128 128 128 128 128 128 128 204 255
255 204 128 128 128 128 128 128 128 128 128 128 128 128 204 255
255 204 128 128 124 105 105 105 105 109 153 133 128 128 204 255
255 204 128 128 105 155 176 176 176 126 255 153 128 128 204 255
255 204 128 128 105 175 161 157 147 124 245 117 128 128 204 255
255 204 128 128 105 175 119 176 167 134 178 105 128 128 204 255
255 204 128 128 105 175 169 178 173 136 178 105 128 128 204 255
255 204 128 128 105 175 140 158 161 124 245 117 128 128 204 255
255 204 128 128 105 155 176 176 176 126 255 153 128 128 204 255
255 204 128 128 124 105 105 105 105 109 153 133 128 128 204 255
255 204 128 128 128 128 128 128 128 128 128 128 128 128 204 255
255 204 128 128 128 128 128 128 128 128 128 128 128 128 204 255
255 234 204 204 204 204 204 204 204 204 204 204 204 204 234 255
255 255 255 255 255 255 255 255 255 255 255 255 255 255 255 255
255 255 255 255 255 255 255 255 255 255 255 255 255 255 255 255
255 234 204 204 204 204 204 204 204 204 204 204 204 204 234 255
255 204 128 128 128 128 128 128 128 128 128 128 128 128 204 255
255 204 128 128 128 128 128 128 128 128 128 128 128 128 204 255
255 204 128 128 124 105 105 105 105 109 153 133 128 128 204 255
255 204 128 128 105 132 163 163 163 106 255 153 128 128 204 255
255 204 128 128 105 159 161 157 147 108 245 117 128 128 204 255
255 204 128 128 105 159 119 176 167 116 166 105 128 128 204 255
255 204 128 128 105 159 169 178 173 118 166 105 128 128 204 255
255 204 128 128 105 159 140 158 161 108 245 117 128 128 204 255
255 204 128 128 105 132 163 163 163 106 255 153 128 128 204 255
255 204 128 128 124 105 105 105 105 109 153 133 128 128 204 255
255 204 128 128 128 128 128 128 128 128 128 128 128 128 204 255
255 204 128 128 128 128 128 128 128 128 128 128 128 128 204 255
255 234 204 204 204 204 204 204 204 204 204 204 204 204 234 255
255 255 255 255 255 255 255 255 255 255 255 255 255 255 255 255

255 255 255 255 255 255 255 255 255 255 255 255 255 255 255 255
255 234 204 204 204 204 204 204 204 204 204 204 204 204 234 255
255 204 128 128 128 128 128 128 128 128 128 128 128 128 204 255
255 204 128 128 128 128 128 128 128 128 128 128 128 128 204 255
255 204 128 128 133 153 117 105 105 117 153 133 128 128 204 255
255 204 128 128 153 255 245 177 177 245 255 153 128 128 204 255
255 204 128 128 109 125 123 133 135 123 125 109 128 128 204 255
255 204 128 128 105 175 147 167 173 161 175 105 128 128 204 255
255 204 128 128 105 175 157 176 178 158 175 105 128 128 204 255
255 204 128 128 105 175 161 119 169 140 175 105 128 128 204 255
255 204 128 128 105 154 174 174 174 174 154 105 128 128 204 255
255 204 128 128 124 105 105 105 105 105 105 124 128 128 204 255
255 204 128 128 128 128 128 128 128 128 128 128 128 128 204 255
255 204 128 128 128 128 128 128 128 128 128 128 128 128 204 255
255 234 204 204 204 204 204 204 204 204 204 204 204 204 234 255
255 255 255 255 255 255 255 255 255 255 255 255 255 255 255 255
255 255 255 255 255 255 255 255 255 255 255 255 255 255 255 255
255 234 204 204 204 204 204 204 204 204 204 204 204 204 234 255
255 204 128 128 128 128 128 128 128 128 128 128 128 128 204 255
255 204 128 128 128 128 128 128 128 128 128 128 128 128 204 255
255 204 128 128 133 153 117 105 105 117 153 133 128 128 204 255
255 204 128 128 153 255 245 178 178 245 255 153 128 128 204 255
255 204 128 128 109 126 124 134 136 124 126 109 128 128 204 255
255 204 128 128 105 176 147 167 173 161 176 105 128 128 204 255
255 204 128 128 105 176 157 176 178 158 176 105 128 128 204 255
255 204 128 128 105 176 161 119 169 140 176 105 128 128 204 255
255 204 128 128 105 155 175 175 175 175 155 105 128 128 204 255
255 204 128 128 124 105 105 105 105 105 105 124 128 128 204 255
255 204 128 128 128 128 128 128 128 128 128 128 128 128 204 255
255 204 128 128 128 128 128 128 128 128 128 128 128 128 204 255
255 234 204 204 204 204 204 204 204 204 204 204 204 204 234 255
255 255 255 255 255 255 255 255 255 255 255 255 255 255 255 255
255 255 255 255 255 255 255 255 255 255 255 255 255 255 255 255
255 234 204 204 204 204 204 204 204 204 204 204 204 204 234 255
255 204 128 128 128 128 128 128 128 128 128 128 128 128 204 255
255 204 128 128 128 128 128 128 128 128 128 128 128 128 204 255
255 204 128 128 133 153 117 105 105 117 153 133 128 128 204 255
255 204 128 128 153 255 245 166 166 245 255 153 128 128 204 255
255 204 128 128 109 106 108 116 118 108 106 109 128 128 204 255
255 204 128 128 105 163 147 167 173 161 163 105 128 128 204 255
255 204 128 128 105 163 157 176 178 158 163 105 128 128 204 255
255 204 128 128 105 163 161 119 169 140 163 105 128 128 204 255
255 204 128 128 105 132 159 159 159 159 132 105 128 128 204 255
255 204 128 128 124 105 105 105 105 105 105 124 128 128 204 255
255 204 128 128 128 128 128 128 128 128 128 128 128 128 204 255
255 204 128 128 128 128 128 128 128 128 128 128 128 128 204 255
255 234 204 204 204 204 204 204 204 204 204 204 204 204 234 255
255 255 255 255 255 255 255 255 255 255 255 255 255 255 255 255

255 255 255 255 255 255 255 255 255 255 255 255 255 255 255 255
255 234 204 204 204 204 204 204 204 204 204 204 204 204 234 255
255 204 128 128 128 128 128 128 128 128 128 128 128 128 204 255
255 204 128 128 128 128 128 128 128 128 128 128 128 128 204 255
255 204 128 128 133 153 109 105 105 105 105 124 128 128 204 255
255 204 128 128 153 255 125 175 175 175 154 105 128 128 204 255
255 204 128 128 117 245 123 161 158 140 174 105 128 128 204 255
255 204 128 128 105 177 135 173 178 169 174 105 128 128 204 255
255 204 128 128 105 177 133 167 176 119 174 105 128 128 204 255
255 204 128 128 117 245 123 147 157 161 174 105 128 128 204 255
255 204 128 128 153 255 125 175 175 175 154 105 128 128 204 255
255 204 128 128 133 153 109 105 105 105 105 124 128 128 204 255
255 204 128 128 128 128 128 128 128 128 128 128 128 128 204 255
255 204 128 128 128 128 128 128 128 128 128 128 128 128 204 255
255 234 204 204 204 204 204 204 204 204 204 204 204 204 234 255
255 255 255 255 255 255 255 255 255 255 255 255 255 255 255 255
255 255 255 255 255 255 255 255 255 255 255 255 255 255 255 255
255 234 204 204 204 204 204 204 204 204 204 204 204 204 234 255
255 204 128 128 128 128 128 128 128 128 128 128 128 128 204 255
255 204 128 128 128 128 128 128 128 128 128 128 128 128 204 255
255 204 128 128 133 153 109 105 105 105 105 124 128 128 204 255
255 204 128 128 153 255 126 176 176 176 155 105 128 128 204 255
255 204 128 128 117 245 124 161 158 140 175 105 128 128 204 255
255 204 128 128 105 178 136 173 178 169 175 105 128 128 204 255
255 204 128 128 105 178 134 167 176 119 175 105 128 128 204 255
255 204 128 128 117 245 124 147 157 161 175 105 128 128 204 255
255 204 128 128 153 255 126 176 176 176 155 105 128 128 204 255
255 204 128 128 133 153 109 105 105 105 105 124 128 128 204 255
255 204 128 128 128 128 128 128 128 128 128 128 128 128 204 255
255 204 128 128 128 128 128 128 128 128 128 128 128 128 204 255
255 234 204 204 204 204 204 204 204 204 204 204 204 204 234 255
255 255 255 255 255 255 255 255 255 255 255 255 255 255 255 255
255 255 255 255 255 255 255 255 255 255 255 255 255 255 255 255
255 234 204 204 204 204 204 204 204 204 204 204 204 204 234 255
255 204 128 128 128 128 128 128 128 128 128 128 128 128 204 255
255 204 128 128 128 128 128 128 128 128 128 128 128 128 204 255
255 204 128 128 133 153 109 105 105 105 105 124 128 128 204 255
255 204 128 128 153 255 106 163 163 163 132 105 128 128 204 255
255 204 128 128 117 245 108 161 158 140 159 105 128 128 204 255
255 204 128 128 105 166 118 173 178 169 159 105 128 128 204 255
255 204 128 128 105 166 116 167 176 119 159 105 128 128 204 255
255 204 128 128 117 245 108 147 157 161 159 105 128 128 204 255
255 204 128 128 153 255 106 163 163 163 132 105 128 128 204 255
255 204 128 128 133 153 109 105 105 105 105 124 128 128 204 255
255 204 128 128 128 128 128 128 128 128 128 128 128 128 204 255
255 204 128 128 128 128 128 128 128 128 128 128 128 128 204 255
255 234 204 204 204 204 204 204 204 204 204 204 204 204 234 255
255 255 255 255 255 255 255 255 255 255 255 255 255 255 255 255
